trust:

(array([   0., 2321., 2065., 3130., 4283., 4656.,  813.,  310.,    0.,
          0.,    0.]), 17578.0)
(array([   0., 1955., 3333., 2971., 3375., 4197., 2075.,    0.,    0.,
          0.,    0.]), 17906.0)

no trust
(array([   0.,    0.,  862., 1353., 2564., 5184., 4060., 4393., 4732.,
       4230.,    0.]),sum 27378.0)
(array([   0.,    0., 1070.,  932., 3030., 6313., 4842., 4439., 3876.,
       2568.,    0.]),sum 27070.0)


random:
(array([    0.,  1114.,  1776.,  2508.,  6514., 10195.,  5492.,  3099.,
        1651.,  1199.,     0.]), 33548.0)
(array([   0., 1242., 2678., 5312., 8103., 6662., 1958.,  914.,  234.,
        283.,    0.]), 27386.0)


